1 1
 1.0 -10.4614 -50.0000 -0.5000E+02 -0.5000E+02
 1.1 -10.5208 -50.0000 -0.5000E+02 -0.5000E+02
 1.2 -10.5801 -50.0000 -0.5000E+02 -0.5000E+02
 1.3 -10.6399 -50.0000 -0.5000E+02 -0.5000E+02
 1.4 -10.6997 -50.0000 -0.5000E+02 -0.5000E+02
 1.5 -10.7600 -50.0000 -0.5000E+02 -0.5000E+02
 1.6 -10.8203 -50.0000 -0.5000E+02 -0.5000E+02
 1.7 -10.8811 -50.0000 -0.5000E+02 -0.5000E+02
 1.8 -10.9419 -50.0000 -0.5000E+02 -0.5000E+02
 1.9 -11.0032 -50.0000 -0.5000E+02 -0.5000E+02
 2.0 -11.0645 -50.0000 -0.5000E+02 -0.5000E+02
 2.1 -11.1265 -50.0000 -0.5000E+02 -0.5000E+02
 2.2 -11.1885 -50.0000 -0.5000E+02 -0.5000E+02
 2.3 -11.2511 -50.0000 -0.5000E+02 -0.5000E+02
 2.4 -11.3136 -50.0000 -0.5000E+02 -0.5000E+02
 2.5 -11.3769 -50.0000 -0.5000E+02 -0.5000E+02
 2.6 -11.4401 -50.0000 -0.5000E+02 -0.5000E+02
 2.7 -11.5042 -50.0000 -0.5000E+02 -0.5000E+02
 2.8 -11.5682 -50.0000 -0.5000E+02 -0.5000E+02
 2.9 -11.6331 -50.0000 -0.5000E+02 -0.5000E+02
 3.0 -11.6979 -50.0000 -0.5000E+02 -0.5000E+02
 3.1 -11.7638 -50.0000 -0.5000E+02 -0.5000E+02
 3.2 -11.8296 -50.0000 -0.5000E+02 -0.5000E+02
 3.3 -11.8966 -42.9901 -0.5000E+02 -0.5000E+02
 3.4 -11.9634 -35.9047 -0.5000E+02 -0.5000E+02
 3.5 -12.0316 -30.2663 -0.5000E+02 -0.5000E+02
 3.6 -12.0996 -25.7773 -0.5000E+02 -0.5000E+02
 3.7 -12.1691 -22.2011 -0.5000E+02 -0.5000E+02
 3.8 -12.2384 -19.3314 -0.5000E+02 -0.5000E+02
 3.9 -12.3095 -17.0385 -0.5000E+02 -0.5000E+02
 4.0 -12.3803 -15.2039 -0.5000E+02 -0.5000E+02
 4.1 -12.4533 -13.7335 -0.5000E+02 -0.5000E+02
 4.2 -12.5257 -12.5523 -0.5000E+02 -0.5000E+02
 4.3 -12.6009 -11.6011 -0.5000E+02 -0.5000E+02
 4.4 -12.6755 -10.8326 -0.5000E+02 -0.5000E+02
 4.5 -12.7531 -10.2093 -0.5000E+02 -0.5000E+02
 4.6 -12.8300  -9.7014 -0.5000E+02 -0.5000E+02
 4.7 -12.9106  -9.2852 -0.5000E+02 -0.5000E+02
 4.8 -12.9906  -8.9420 -0.5000E+02 -0.5000E+02
 4.9 -13.0747  -8.6567 -0.5000E+02 -0.5000E+02
 5.0 -13.1582  -8.4176 -0.5000E+02 -0.5000E+02
 5.1 -13.2465  -8.2272 -0.5000E+02 -0.5000E+02
 5.2 -13.3341  -8.0657 -0.5000E+02 -0.5000E+02
 5.3 -13.4269  -7.9271 -0.5000E+02 -0.5000E+02
 5.4 -13.5192  -7.8068 -0.5000E+02 -0.5000E+02
 5.5 -13.6170  -7.7009 -0.5000E+02 -0.5000E+02
 5.6 -13.7145  -7.6065 -0.5000E+02 -0.5000E+02
 5.7 -13.8175  -7.5212 -0.5000E+02 -0.5000E+02
 5.8 -13.9203  -7.4432 -0.5000E+02 -0.5000E+02
 5.9 -14.0285  -7.3710 -0.5000E+02 -0.5000E+02
 6.0 -14.1366  -7.3033 -0.5000E+02 -0.5000E+02
 6.1 -14.2499  -7.2393 -0.5000E+02 -0.5000E+02 
 6.2 -14.3631  -7.1781 -0.5000E+02 -0.5000E+02
 6.3 -14.4813  -7.1193 -0.5000E+02 -0.5000E+02
 6.4 -14.5994  -7.0622 -0.5000E+02 -0.5000E+02
 6.5 -14.7220  -7.0066 -0.5000E+02 -0.5000E+02
 6.6 -14.8447  -6.9522 -0.5000E+02 -0.5000E+02
 6.7 -14.9713  -6.8987 -0.5000E+02 -0.5000E+02
 6.8 -15.0979  -6.8459 -0.5000E+02 -0.5000E+02
 6.9 -15.2281  -6.7937 -0.5000E+02 -0.5000E+02
 7.0 -15.3583  -6.7419 -0.5000E+02 -0.5000E+02
 7.1 -15.4885  -6.6905 -0.5000E+02 -0.5000E+02
 7.2 -15.6186  -6.6394 -0.5000E+02 -0.5000E+02
 7.3 -15.7487  -6.5885 -0.5000E+02 -0.5000E+02
 7.4 -15.8788  -6.5378 -0.5000E+02 -0.5000E+02
 7.5 -16.0088  -6.4872 -0.5000E+02 -0.5000E+02
 7.6 -16.1388  -6.4368 -0.5000E+02 -0.5000E+02
 7.7 -16.2688  -6.3864 -0.5000E+02 -0.5000E+02
 7.8 -16.3988  -6.3361 -0.5000E+02 -0.5000E+02
 7.9 -16.5288  -6.2859 -0.5000E+02 -0.5000E+02
 8.0 -16.6587  -6.2357 -0.5000E+02 -0.5000E+02
 8.1 -16.7886  -6.1856 -0.5000E+02 -0.5000E+02
 8.2 -16.9185  -6.1355 -0.5000E+02 -0.5000E+02
 8.3 -17.0483  -6.0854 -0.5000E+02 -0.5000E+02
 8.4 -17.1781  -6.0353 -0.5000E+02 -0.5000E+02
 8.5 -17.3079  -5.9853 -0.5000E+02 -0.5000E+02
 8.6 -17.4377  -5.9352 -0.5000E+02 -0.5000E+02
 8.7 -17.5675  -5.8852 -0.5000E+02 -0.5000E+02
 8.8 -17.6972  -5.8352 -0.5000E+02 -0.5000E+02
 8.9 -17.8269  -5.7851 -0.5000E+02 -0.5000E+02
 9.0 -17.9566  -5.7351 -0.5000E+02 -0.5000E+02

