#7   3   1
 1.0 -50.0000 -50.0000 -50.0000 -50.0000 -50.0000 -50.0000 -50.0000 -50.0000 -50.0000 -50.0000 -50.0000 -50.0000 -50.0000
 1.1 -50.0000 -50.0000 -50.0000 -50.0000 -50.0000 -50.0000 -50.0000 -50.0000 -50.0000 -50.0000 -50.0000 -50.0000 -50.0000
 1.2 -50.0000 -50.0000 -50.0000 -50.0000 -50.0000 -50.0000 -50.0000 -50.0000 -50.0000 -50.0000 -50.0000 -50.0000 -50.0000
 1.3 -50.0000 -50.0000 -50.0000 -50.0000 -50.0000 -50.0000 -50.0000 -50.0000 -50.0000 -50.0000 -50.0000 -50.0000 -50.0000
 1.4 -44.9512 -44.9512 -44.9512 -44.9512 -44.9512 -44.9512 -44.9512 -44.9512 -44.9512 -44.9512 -44.9512 -44.9512 -44.9512
 1.5 -40.8320 -40.8320 -40.8320 -40.8320 -40.8320 -40.8320 -40.8320 -40.8320 -40.8320 -40.8320 -40.8320 -40.8320 -40.8320
 1.6 -37.5487 -37.5487 -37.5487 -37.5487 -37.5487 -37.5487 -37.5487 -37.5487 -37.5487 -37.5487 -37.5487 -37.5487 -37.5487
 1.7 -34.9296 -34.9296 -34.9296 -34.9296 -34.9296 -34.9296 -34.9296 -34.9296 -34.9296 -34.9296 -34.9296 -34.9296 -34.9296
 1.8 -32.8383 -32.8383 -32.8383 -32.8383 -32.8383 -32.8383 -32.8383 -32.8383 -32.8383 -32.8383 -32.8383 -32.8383 -32.8383
 1.9 -31.1662 -31.1662 -31.1662 -31.1662 -31.1662 -31.1662 -31.1662 -31.1662 -31.1662 -31.1662 -31.1662 -31.1662 -31.1662
 2.0 -20.870 -20.876 -20.893 -20.942 -21.068 -21.324 -21.705 -22.159 -22.644 -23.139 -23.637 -24.137 -24.637
 2.1 -20.696 -20.701 -20.718 -20.766 -20.890 -21.142 -21.521 -21.975 -22.459 -22.954 -23.452 -23.952 -24.452
 2.2 -20.568 -20.573 -20.589 -20.637 -20.760 -21.011 -21.389 -21.842 -22.326 -22.820 -23.319 -23.818 -24.318
 2.3 -20.476 -20.481 -20.497 -20.545 -20.667 -20.917 -21.294 -21.746 -22.230 -22.725 -23.223 -23.723 -24.223
 2.4 -20.414 -20.419 -20.435 -20.481 -20.603 -20.851 -21.227 -21.679 -22.162 -22.657 -23.155 -23.655 -24.154
 2.5 -20.374 -20.379 -20.395 -20.441 -20.560 -20.805 -21.179 -21.630 -22.113 -22.608 -23.106 -23.605 -24.105
 2.6 -20.353 -20.358 -20.373 -20.418 -20.534 -20.775 -21.145 -21.595 -22.078 -22.572 -23.070 -23.570 -24.069
 2.7 -20.347 -20.352 -20.366 -20.408 -20.521 -20.756 -21.122 -21.570 -22.052 -22.546 -23.044 -23.543 -24.043
 2.8 -20.352 -20.356 -20.370 -20.410 -20.518 -20.746 -21.107 -21.552 -22.032 -22.526 -23.024 -23.524 -24.023
 2.9 -20.366 -20.371 -20.383 -20.421 -20.523 -20.743 -21.097 -21.539 -22.018 -22.512 -23.010 -23.509 -24.009
 3.0 -20.388 -20.392 -20.404 -20.439 -20.535 -20.746 -21.092 -21.530 -22.008 -22.501 -22.998 -23.498 -23.997
 3.1 -20.415 -20.419 -20.430 -20.463 -20.552 -20.754 -21.091 -21.524 -22.000 -22.492 -22.990 -23.489 -23.989
 3.2 -20.448 -20.451 -20.461 -20.491 -20.574 -20.765 -21.093 -21.520 -21.994 -22.486 -22.983 -23.482 -23.982
 3.3 -20.483 -20.486 -20.495 -20.523 -20.600 -20.780 -21.097 -21.519 -21.990 -22.481 -22.978 -23.477 -23.977
 3.4 -20.522 -20.524 -20.533 -20.558 -20.629 -20.798 -21.104 -21.519 -21.988 -22.478 -22.974 -23.473 -23.973
 3.5 -20.563 -20.565 -20.573 -20.595 -20.661 -20.819 -21.113 -21.520 -21.986 -22.475 -22.971 -23.470 -23.970
 3.6 -20.606 -20.608 -20.614 -20.635 -20.695 -20.842 -21.124 -21.523 -21.986 -22.473 -22.969 -23.468 -23.967
 3.7 -20.650 -20.652 -20.658 -20.676 -20.731 -20.868 -21.136 -21.527 -21.986 -22.471 -22.966 -23.462 -23.954
 3.8 -20.690 -20.691 -20.697 -20.714 -20.764 -20.892 -21.148 -21.530 -21.983 -22.461 -22.936 -23.377 -23.733
 3.9 -20.723 -20.725 -20.730 -20.745 -20.791 -20.910 -21.154 -21.521 -21.946 -22.356 -22.678 -22.866 -22.949
 4.0 -20.738 -20.740 -20.744 -20.758 -20.799 -20.906 -21.124 -21.435 -21.742 -21.949 -22.049 -22.087 -22.099
 4.1 -20.692 -20.693 -20.697 -20.708 -20.740 -20.822 -20.978 -21.166 -21.301 -21.366 -21.389 -21.397 -21.400
 4.2 -20.524 -20.524 -20.526 -20.533 -20.552 -20.598 -20.677 -20.758 -20.805 -20.824 -20.831 -20.833 -20.834
 4.3 -20.241 -20.242 -20.243 -20.246 -20.254 -20.275 -20.308 -20.339 -20.356 -20.363 -20.365 -20.366 -20.366
 4.4 -19.917 -19.917 -19.918 -19.919 -19.923 -19.931 -19.945 -19.958 -19.964 -19.967 -19.968 -19.968 -19.968
 4.5 -19.601 -19.601 -19.601 -19.601 -19.603 -19.607 -19.613 -19.618 -19.621 -19.622 -19.623 -19.623 -19.623
 4.6 -19.312 -19.312 -19.312 -19.312 -19.313 -19.314 -19.317 -19.320 -19.321 -19.322 -19.322 -19.322 -19.322
 4.7 -19.058 -19.058 -19.059 -19.059 -19.059 -19.060 -19.061 -19.063 -19.063 -19.064 -19.064 -19.064 -19.064
 4.8 -18.844 -18.844 -18.844 -18.844 -18.844 -18.845 -18.845 -18.846 -18.847 -18.847 -18.847 -18.847 -18.847
 4.9 -18.667 -18.667 -18.667 -18.667 -18.668 -18.668 -18.668 -18.669 -18.669 -18.669 -18.669 -18.669 -18.669
 5.0 -18.526 -18.526 -18.526 -18.526 -18.526 -18.527 -18.527 -18.527 -18.527 -18.527 -18.528 -18.528 -18.528
 5.1 -18.416 -18.416 -18.416 -18.416 -18.416 -18.416 -18.417 -18.417 -18.417 -18.417 -18.417 -18.417 -18.417
 5.2 -18.333 -18.333 -18.333 -18.333 -18.333 -18.333 -18.333 -18.334 -18.334 -18.334 -18.334 -18.334 -18.334
 5.3 -18.272 -18.272 -18.272 -18.272 -18.272 -18.272 -18.273 -18.273 -18.273 -18.273 -18.273 -18.273 -18.273
 5.4 -18.228 -18.228 -18.228 -18.228 -18.228 -18.228 -18.228 -18.228 -18.228 -18.228 -18.228 -18.228 -18.228
 5.5 -18.199 -18.199 -18.199 -18.199 -18.199 -18.199 -18.199 -18.199 -18.199 -18.199 -18.200 -18.200 -18.200
 5.6 -18.183 -18.183 -18.183 -18.183 -18.183 -18.183 -18.183 -18.183 -18.183 -18.183 -18.183 -18.183 -18.183
 5.7 -18.177 -18.177 -18.177 -18.177 -18.177 -18.177 -18.177 -18.177 -18.177 -18.177 -18.177 -18.177 -18.177
 5.8 -18.178 -18.178 -18.178 -18.178 -18.178 -18.178 -18.179 -18.179 -18.179 -18.179 -18.179 -18.179 -18.179
 5.9 -18.187 -18.187 -18.187 -18.187 -18.187 -18.187 -18.187 -18.187 -18.187 -18.187 -18.187 -18.187 -18.187
 6.0 -18.200 -18.200 -18.200 -18.200 -18.200 -18.200 -18.200 -18.200 -18.201 -18.201 -18.201 -18.201 -18.201
 6.1 -18.2221 -18.2221 -18.2221 -18.2221 -18.2221 -18.2221 -18.2221 -18.2221 -18.2221 -18.2221 -18.2221 -18.2221 -18.2221
 6.2 -18.2432 -18.2432 -18.2432 -18.2432 -18.2432 -18.2432 -18.2432 -18.2432 -18.2432 -18.2432 -18.2432 -18.2432 -18.2432
 6.3 -18.2668 -18.2668 -18.2668 -18.2668 -18.2668 -18.2668 -18.2668 -18.2668 -18.2668 -18.2668 -18.2668 -18.2668 -18.2668
 6.4 -18.2926 -18.2926 -18.2926 -18.2926 -18.2926 -18.2926 -18.2926 -18.2926 -18.2926 -18.2926 -18.2926 -18.2926 -18.2926
 6.5 -18.3199 -18.3199 -18.3199 -18.3199 -18.3199 -18.3199 -18.3199 -18.3199 -18.3199 -18.3199 -18.3199 -18.3199 -18.3199
 6.6 -18.3485 -18.3485 -18.3485 -18.3485 -18.3485 -18.3485 -18.3485 -18.3485 -18.3485 -18.3485 -18.3485 -18.3485 -18.3485
 6.7 -18.3781 -18.3781 -18.3781 -18.3781 -18.3781 -18.3781 -18.3781 -18.3781 -18.3781 -18.3781 -18.3781 -18.3781 -18.3781
 6.8 -18.4085 -18.4085 -18.4085 -18.4085 -18.4085 -18.4085 -18.4085 -18.4085 -18.4085 -18.4085 -18.4085 -18.4085 -18.4085
 6.9 -18.4395 -18.4395 -18.4395 -18.4395 -18.4395 -18.4395 -18.4395 -18.4395 -18.4395 -18.4395 -18.4395 -18.4395 -18.4395
 7.0 -18.4709 -18.4709 -18.4709 -18.4709 -18.4709 -18.4709 -18.4709 -18.4709 -18.4709 -18.4709 -18.4709 -18.4709 -18.4709
 7.1 -18.5027 -18.5027 -18.5027 -18.5027 -18.5027 -18.5027 -18.5027 -18.5027 -18.5027 -18.5027 -18.5027 -18.5027 -18.5027
 7.2 -18.5348 -18.5348 -18.5348 -18.5348 -18.5348 -18.5348 -18.5348 -18.5348 -18.5348 -18.5348 -18.5348 -18.5348 -18.5348
 7.3 -18.5670 -18.5670 -18.5670 -18.5670 -18.5670 -18.5670 -18.5670 -18.5670 -18.5670 -18.5670 -18.5670 -18.5670 -18.5670
 7.4 -18.5994 -18.5994 -18.5994 -18.5994 -18.5994 -18.5994 -18.5994 -18.5994 -18.5994 -18.5994 -18.5994 -18.5994 -18.5994
 7.5 -18.6319 -18.6319 -18.6319 -18.6319 -18.6319 -18.6319 -18.6319 -18.6319 -18.6319 -18.6319 -18.6319 -18.6319 -18.6319
 7.6 -18.6644 -18.6644 -18.6644 -18.6644 -18.6644 -18.6644 -18.6644 -18.6644 -18.6644 -18.6644 -18.6644 -18.6644 -18.6644
 7.7 -18.6970 -18.6970 -18.6970 -18.6970 -18.6970 -18.6970 -18.6970 -18.6970 -18.6970 -18.6970 -18.6970 -18.6970 -18.6970
 7.8 -18.7295 -18.7295 -18.7295 -18.7295 -18.7295 -18.7295 -18.7295 -18.7295 -18.7295 -18.7295 -18.7295 -18.7295 -18.7295
 7.9 -18.7621 -18.7621 -18.7621 -18.7621 -18.7621 -18.7621 -18.7621 -18.7621 -18.7621 -18.7621 -18.7621 -18.7621 -18.7621
 8.0 -18.7946 -18.7946 -18.7946 -18.7946 -18.7946 -18.7946 -18.7946 -18.7946 -18.7946 -18.7946 -18.7946 -18.7946 -18.7946
 8.1 -18.8271 -18.8271 -18.8271 -18.8271 -18.8271 -18.8271 -18.8271 -18.8271 -18.8271 -18.8271 -18.8271 -18.8271 -18.8271
 8.2 -18.8595 -18.8595 -18.8595 -18.8595 -18.8595 -18.8595 -18.8595 -18.8595 -18.8595 -18.8595 -18.8595 -18.8595 -18.8595
 8.3 -18.8919 -18.8919 -18.8919 -18.8919 -18.8919 -18.8919 -18.8919 -18.8919 -18.8919 -18.8919 -18.8919 -18.8919 -18.8919
 8.4 -18.9242 -18.9242 -18.9242 -18.9242 -18.9242 -18.9242 -18.9242 -18.9242 -18.9242 -18.9242 -18.9242 -18.9242 -18.9242
 8.5 -18.9565 -18.9565 -18.9565 -18.9565 -18.9565 -18.9565 -18.9565 -18.9565 -18.9565 -18.9565 -18.9565 -18.9565 -18.9565
 8.6 -18.9886 -18.9886 -18.9886 -18.9886 -18.9886 -18.9886 -18.9886 -18.9886 -18.9886 -18.9886 -18.9886 -18.9886 -18.9886
 8.7 -19.0207 -19.0207 -19.0207 -19.0207 -19.0207 -19.0207 -19.0207 -19.0207 -19.0207 -19.0207 -19.0207 -19.0207 -19.0207
 8.8 -19.0527 -19.0527 -19.0527 -19.0527 -19.0527 -19.0527 -19.0527 -19.0527 -19.0527 -19.0527 -19.0527 -19.0527 -19.0527
 8.9 -19.0846 -19.0846 -19.0846 -19.0846 -19.0846 -19.0846 -19.0846 -19.0846 -19.0846 -19.0846 -19.0846 -19.0846 -19.0846
 9.0 -19.1164 -19.1164 -19.1164 -19.1164 -19.1164 -19.1164 -19.1164 -19.1164 -19.1164 -19.1164 -19.1164 -19.1164 -19.1164
